# relative_time, cycles_done, cur_item, corpus_count, pending_total, pending_favs, map_size, saved_crashes, saved_hangs, max_depth, execs_per_sec, total_execs, edges_found
61, 4, 218, 310, 203, 0, 17.29%, 0, 0, 10, 29880.26, 1834007, 194
66, 4, 266, 312, 205, 0, 17.29%, 0, 0, 10, 29891.54, 1987545, 194
71, 4, 67, 315, 205, 0, 17.29%, 0, 0, 10, 30048.20, 2141171, 194
76, 5, 229, 319, 203, 0, 17.29%, 0, 0, 10, 30070.64, 2293680, 194
81, 5, 151, 321, 204, 0, 17.29%, 0, 0, 10, 29858.04, 2446303, 194
87, 5, 187, 324, 203, 0, 17.29%, 0, 0, 10, 30072.82, 2600565, 194
92, 6, 137, 326, 198, 0, 17.29%, 0, 0, 10, 30034.12, 2753131, 194
97, 6, 262, 326, 194, 0, 17.29%, 0, 0, 10, 30000.80, 2906667, 194
102, 7, 243, 326, 192, 0, 17.29%, 0, 0, 10, 29845.59, 3059136, 194
107, 7, 46, 327, 190, 0, 17.29%, 0, 0, 10, 30062.99, 3212339, 194
112, 7, 242, 328, 187, 0, 17.29%, 0, 0, 10, 30038.20, 3365473, 194
117, 8, 274, 329, 186, 0, 17.29%, 0, 0, 10, 30082.02, 3519664, 194
122, 8, 192, 331, 186, 0, 17.29%, 0, 0, 10, 30045.87, 3672382, 194
127, 8, 262, 335, 187, 0, 17.29%, 0, 0, 10, 30005.94, 3824741, 194
132, 9, 269, 336, 185, 0, 17.29%, 0, 0, 11, 30008.97, 3977503, 194
137, 9, 271, 336, 183, 0, 17.29%, 0, 0, 11, 29954.01, 4130519, 194
143, 10, 137, 337, 177, 0, 17.29%, 0, 0, 11, 30014.22, 4283321, 194
148, 10, 129, 337, 175, 0, 17.29%, 0, 0, 11, 30015.73, 4435323, 194
153, 10, 24, 339, 174, 0, 17.29%, 0, 0, 11, 30081.95, 4588276, 194
158, 11, 183, 339, 172, 0, 17.29%, 0, 0, 11, 30143.41, 4741995, 194
163, 11, 117, 339, 170, 0, 17.29%, 0, 0, 11, 30111.36, 4895216, 194
168, 11, 262, 339, 166, 0, 17.29%, 0, 0, 11, 30056.58, 5050138, 194
173, 12, 117, 340, 165, 0, 17.29%, 0, 0, 11, 30054.83, 5202000, 194
178, 12, 242, 342, 165, 0, 17.29%, 0, 0, 11, 30076.33, 5356345, 194
183, 12, 266, 342, 162, 0, 17.29%, 0, 0, 11, 30041.66, 5508559, 194
188, 13, 117, 342, 162, 0, 17.29%, 0, 0, 11, 29998.86, 5661158, 194
193, 13, 257, 343, 161, 0, 17.29%, 0, 0, 11, 30081.42, 5813931, 194
199, 13, 224, 343, 160, 0, 17.29%, 0, 0, 11, 30018.84, 5966860, 194
204, 14, 151, 344, 158, 0, 17.29%, 0, 0, 11, 30015.37, 6119401, 194
209, 14, 151, 344, 157, 0, 17.29%, 0, 0, 11, 29925.91, 6273249, 194
214, 14, 43, 344, 156, 0, 17.29%, 0, 0, 11, 29112.90, 6422883, 194
219, 15, 269, 344, 156, 0, 17.29%, 0, 0, 11, 29547.02, 6572548, 194
224, 15, 183, 344, 155, 0, 17.29%, 0, 0, 11, 29887.73, 6726490, 194
229, 15, 183, 345, 155, 0, 17.29%, 0, 0, 11, 29996.21, 6878052, 194
234, 16, 155, 345, 154, 0, 17.29%, 0, 0, 11, 29934.81, 7029122, 194
239, 16, 321, 345, 154, 0, 17.29%, 0, 0, 11, 29850.85, 7181412, 194
244, 17, 243, 345, 152, 0, 17.29%, 0, 0, 11, 29819.61, 7334784, 194
250, 17, 274, 345, 149, 0, 17.29%, 0, 0, 11, 29829.27, 7487044, 194
255, 17, 270, 345, 145, 0, 17.29%, 0, 0, 11, 29831.33, 7638275, 194
260, 18, 274, 345, 143, 0, 17.29%, 0, 0, 11, 29607.99, 7788943, 194
265, 18, 183, 345, 140, 0, 17.29%, 0, 0, 11, 29437.61, 7938692, 194
270, 18, 269, 345, 138, 0, 17.29%, 0, 0, 11, 29449.17, 8088018, 194
275, 19, 262, 347, 138, 0, 17.29%, 0, 0, 11, 29435.74, 8236594, 194
280, 19, 74, 347, 136, 0, 17.29%, 0, 0, 11, 29430.18, 8385922, 194
285, 19, 321, 347, 135, 0, 17.29%, 0, 0, 11, 29296.68, 8534808, 194
290, 20, 245, 347, 133, 0, 17.29%, 0, 0, 11, 29342.65, 8684432, 194
295, 20, 271, 347, 132, 0, 17.29%, 0, 0, 11, 29331.17, 8834099, 194
300, 20, 187, 348, 129, 0, 17.29%, 0, 0, 11, 29434.01, 8983728, 194
305, 21, 183, 348, 123, 0, 17.29%, 0, 0, 11, 29473.81, 9133624, 194
311, 21, 183, 349, 122, 0, 17.29%, 0, 0, 11, 29437.81, 9283939, 194
316, 21, 242, 349, 120, 0, 17.29%, 0, 0, 11, 29522.83, 9433552, 194
321, 22, 212, 349, 115, 0, 17.29%, 0, 0, 11, 29441.28, 9583615, 194
326, 22, 137, 352, 116, 0, 17.29%, 0, 0, 11, 29511.57, 9734295, 194
331, 22, 27, 352, 111, 0, 17.29%, 0, 0, 11, 29523.65, 9883759, 194
336, 23, 232, 352, 107, 0, 17.29%, 0, 0, 11, 29567.09, 10033984, 194
341, 23, 266, 352, 105, 0, 17.29%, 0, 0, 11, 29668.87, 10184033, 194
346, 24, 183, 352, 104, 0, 17.29%, 0, 0, 11, 29702.40, 10336768, 194
351, 24, 67, 352, 104, 0, 17.29%, 0, 0, 11, 29457.46, 10485238, 194
356, 24, 158, 352, 104, 0, 17.29%, 0, 0, 11, 29394.27, 10634917, 194
361, 25, 183, 353, 101, 0, 17.29%, 0, 0, 11, 29432.77, 10786269, 194
367, 25, 262, 353, 97, 0, 17.29%, 0, 0, 11, 29370.90, 10934648, 194
372, 25, 269, 353, 97, 0, 17.29%, 0, 0, 11, 29192.42, 11084092, 194
377, 26, 243, 354, 96, 0, 17.29%, 0, 0, 12, 29317.11, 11232679, 194
382, 26, 160, 354, 94, 0, 17.29%, 0, 0, 12, 29513.13, 11382840, 194
387, 26, 183, 354, 93, 0, 17.29%, 0, 0, 12, 29363.58, 11531803, 194
392, 27, 27, 354, 93, 0, 17.29%, 0, 0, 12, 29261.30, 11682022, 194
397, 27, 243, 354, 91, 0, 17.29%, 0, 0, 12, 29341.07, 11831283, 194
402, 27, 76, 355, 92, 0, 17.29%, 0, 0, 12, 29568.39, 11981712, 194
407, 28, 269, 355, 90, 0, 17.29%, 0, 0, 12, 29459.75, 12131551, 194
412, 28, 183, 355, 90, 0, 17.29%, 0, 0, 12, 29385.39, 12281531, 194
417, 29, 7, 355, 88, 0, 17.29%, 0, 0, 12, 29379.40, 12431405, 194
423, 29, 43, 355, 88, 0, 17.29%, 0, 0, 12, 29332.20, 12581097, 194
428, 29, 7, 355, 85, 0, 17.29%, 0, 0, 12, 29273.96, 12729258, 194
433, 30, 183, 355, 84, 0, 17.29%, 0, 0, 12, 29250.56, 12876682, 194
438, 30, 183, 355, 83, 0, 17.29%, 0, 0, 12, 29327.35, 13026026, 194
443, 30, 183, 355, 83, 0, 17.29%, 0, 0, 12, 29353.65, 13175662, 194
448, 31, 243, 355, 82, 0, 17.29%, 0, 0, 12, 29352.67, 13325544, 194
453, 31, 243, 355, 79, 0, 17.29%, 0, 0, 12, 29208.66, 13472822, 194
458, 31, 221, 355, 78, 0, 17.29%, 0, 0, 12, 29288.51, 13621066, 194
463, 32, 261, 355, 77, 0, 17.29%, 0, 0, 12, 29375.78, 13769791, 194
468, 32, 183, 355, 76, 0, 17.29%, 0, 0, 12, 29407.61, 13917946, 194
521, 32, 7, 355, 76, 0, 17.29%, 0, 0, 12, 0.02, 14021029, 194
526, 33, 269, 355, 75, 0, 17.29%, 0, 0, 12, 29543.57, 14170717, 194
581, 33, 321, 355, 72, 0, 17.29%, 0, 0, 12, 0.02, 14249803, 194
586, 33, 32, 355, 71, 0, 17.29%, 0, 0, 12, 29258.23, 14399893, 194
633, 33, 43, 355, 71, 0, 17.29%, 0, 0, 12, 0.02, 14477583, 194
638, 34, 190, 380, 95, 0, 17.29%, 0, 0, 12, 27896.47, 14619458, 194
643, 34, 141, 383, 96, 0, 17.38%, 0, 0, 12, 27891.57, 14759154, 195
648, 34, 28, 386, 97, 0, 17.38%, 0, 0, 12, 28458.93, 14904916, 195
653, 35, 183, 387, 96, 0, 17.38%, 0, 0, 12, 28725.91, 15050422, 195
659, 35, 27, 391, 99, 0, 17.38%, 0, 0, 12, 28802.48, 15197155, 195
664, 35, 187, 392, 99, 0, 17.38%, 0, 0, 12, 28758.52, 15343346, 195
669, 36, 206, 396, 101, 0, 17.38%, 0, 0, 12, 28636.11, 15488600, 195
674, 36, 242, 397, 100, 0, 17.38%, 0, 0, 12, 28518.78, 15633587, 195
679, 36, 197, 397, 98, 0, 17.38%, 0, 0, 12, 28482.53, 15779493, 195
684, 37, 74, 397, 97, 0, 17.38%, 0, 0, 12, 28461.26, 15924622, 195
689, 37, 269, 399, 98, 0, 17.38%, 0, 0, 12, 28572.17, 16069797, 195
694, 37, 257, 399, 97, 0, 17.38%, 0, 0, 12, 28523.37, 16215366, 195
699, 38, 183, 399, 94, 0, 17.38%, 0, 0, 12, 28213.15, 16360470, 195
704, 38, 183, 400, 94, 0, 17.38%, 0, 0, 12, 28442.63, 16505063, 195
710, 38, 18, 400, 94, 0, 17.38%, 0, 0, 12, 28433.76, 16649886, 195
715, 39, 27, 401, 93, 0, 17.38%, 0, 0, 12, 28409.35, 16794575, 195
720, 39, 27, 402, 92, 0, 17.38%, 0, 0, 12, 28474.35, 16940008, 195
725, 39, 224, 402, 89, 0, 17.38%, 0, 0, 12, 28477.08, 17084511, 195
730, 40, 3, 403, 89, 0, 17.38%, 0, 0, 12, 28488.36, 17229914, 195
761, 40, 183, 403, 89, 0, 17.38%, 0, 0, 12, 0.03, 17247317, 195
766, 40, 137, 403, 88, 0, 17.38%, 0, 0, 12, 28327.44, 17391493, 195
821, 40, 183, 403, 88, 0, 17.38%, 0, 0, 12, 0.02, 17466154, 195
826, 41, 271, 403, 85, 0, 17.38%, 0, 0, 12, 28389.67, 17611216, 195
881, 41, 218, 403, 84, 0, 17.38%, 0, 0, 12, 0.02, 17686054, 195
886, 41, 212, 404, 83, 0, 17.38%, 0, 0, 12, 28347.41, 17829420, 195
941, 41, 27, 404, 82, 0, 17.38%, 0, 0, 12, 0.02, 17904535, 195
946, 42, 269, 404, 79, 0, 17.38%, 0, 0, 12, 28088.73, 18048269, 195
1001, 42, 186, 405, 79, 0, 17.38%, 0, 0, 12, 0.02, 18129926, 195
1006, 42, 261, 406, 79, 0, 17.38%, 0, 0, 12, 28338.86, 18274837, 195
1061, 42, 243, 406, 79, 0, 17.38%, 0, 0, 12, 0.02, 18351426, 195
1066, 43, 269, 406, 78, 0, 17.38%, 0, 0, 12, 28424.78, 18496665, 195
1121, 43, 151, 407, 78, 0, 17.38%, 0, 0, 12, 0.02, 18571853, 195
1126, 43, 243, 410, 80, 0, 17.38%, 0, 0, 12, 28453.56, 18716195, 195
1181, 43, 187, 410, 80, 0, 17.38%, 0, 0, 12, 0.02, 18791899, 195
1186, 44, 183, 410, 77, 0, 17.38%, 0, 0, 12, 28245.12, 18936436, 195
1241, 44, 271, 410, 76, 0, 17.38%, 0, 0, 12, 0.02, 19011301, 195
1246, 44, 262, 410, 75, 0, 17.38%, 0, 0, 12, 28320.93, 19156062, 195
1301, 44, 242, 410, 74, 0, 17.38%, 0, 0, 12, 0.02, 19231022, 195
1306, 45, 183, 410, 73, 0, 17.38%, 0, 0, 12, 28271.36, 19375669, 195
1361, 45, 76, 410, 73, 0, 17.38%, 0, 0, 12, 0.02, 19450701, 195
1366, 45, 137, 411, 73, 0, 17.38%, 0, 0, 12, 28300.77, 19595514, 195
1421, 45, 245, 411, 73, 0, 17.38%, 0, 0, 12, 0.02, 19671185, 195
1426, 45, 257, 411, 73, 0, 17.38%, 0, 0, 12, 28573.02, 19816872, 195
1481, 46, 155, 411, 72, 0, 17.38%, 0, 0, 12, 0.02, 19891095, 195
1486, 46, 261, 412, 72, 0, 17.38%, 0, 0, 12, 28426.01, 20035404, 195
1541, 46, 266, 412, 71, 0, 17.38%, 0, 0, 12, 0.02, 20111038, 195
1546, 46, 27, 413, 72, 0, 17.38%, 0, 0, 12, 28411.62, 20255682, 195
1563, 47, 160, 413, 71, 0, 17.38%, 0, 0, 12, 0.07, 20331571, 195
1568, 47, 76, 414, 71, 0, 17.38%, 0, 0, 12, 27538.86, 20471067, 195
1573, 47, 1, 414, 71, 0, 17.38%, 0, 0, 12, 28277.66, 20615100, 195
1578, 48, 187, 414, 71, 0, 17.38%, 0, 0, 12, 28393.32, 20759184, 195
1583, 48, 275, 414, 70, 0, 17.38%, 0, 0, 12, 28255.87, 20902190, 195
1588, 48, 242, 414, 70, 0, 17.38%, 0, 0, 12, 28389.43, 21046815, 195
1594, 49, 261, 414, 70, 0, 17.38%, 0, 0, 12, 28420.10, 21190747, 195
1599, 49, 183, 414, 70, 0, 17.38%, 0, 0, 12, 28355.58, 21333716, 195
1604, 49, 151, 415, 69, 0, 17.38%, 0, 0, 12, 28399.80, 21477054, 195
1609, 49, 243, 416, 68, 0, 17.38%, 0, 0, 12, 28551.89, 21621871, 195
1614, 50, 183, 416, 68, 0, 17.38%, 0, 0, 12, 28609.89, 21766848, 195
1619, 50, 275, 416, 67, 0, 17.38%, 0, 0, 12, 28448.42, 21911691, 195
1624, 50, 74, 417, 67, 0, 17.38%, 0, 0, 12, 28372.68, 22055188, 195
1629, 51, 229, 418, 67, 0, 17.38%, 0, 0, 12, 28484.21, 22200521, 195
1634, 51, 27, 418, 66, 0, 17.38%, 0, 0, 12, 28387.18, 22346015, 195
1639, 51, 151, 418, 65, 0, 17.38%, 0, 0, 12, 28429.35, 22491369, 195
1644, 52, 221, 418, 65, 0, 17.38%, 0, 0, 12, 28405.15, 22635386, 195
1649, 52, 242, 418, 64, 0, 17.38%, 0, 0, 12, 28456.41, 22779745, 195
1655, 52, 229, 418, 64, 0, 17.38%, 0, 0, 12, 28331.48, 22924888, 195
1660, 53, 183, 418, 62, 0, 17.38%, 0, 0, 12, 28355.50, 23070541, 195
1665, 53, 7, 418, 62, 0, 17.38%, 0, 0, 12, 28339.40, 23214841, 195
1670, 53, 7, 418, 61, 0, 17.38%, 0, 0, 12, 28307.09, 23359259, 195
1675, 54, 243, 418, 60, 0, 17.38%, 0, 0, 12, 28457.91, 23503545, 195
1680, 54, 27, 418, 60, 0, 17.38%, 0, 0, 12, 28496.72, 23648061, 195
1685, 54, 183, 419, 61, 0, 17.38%, 0, 0, 12, 28475.83, 23791668, 195
1690, 55, 28, 419, 60, 0, 17.38%, 0, 0, 12, 28381.92, 23935504, 195
1695, 55, 207, 420, 59, 0, 17.38%, 0, 0, 12, 28460.47, 24079839, 195
1700, 55, 221, 423, 62, 0, 17.38%, 0, 0, 12, 28540.19, 24225398, 195
1705, 55, 27, 425, 63, 0, 17.38%, 0, 0, 12, 28565.26, 24372415, 195
1711, 56, 183, 425, 63, 0, 17.38%, 0, 0, 12, 28479.10, 24517027, 195
1716, 56, 257, 425, 61, 0, 17.38%, 0, 0, 12, 28377.24, 24662226, 195
1721, 56, 242, 425, 60, 0, 17.38%, 0, 0, 12, 28328.36, 24806186, 195
1726, 57, 242, 426, 61, 0, 17.38%, 0, 0, 12, 28523.71, 24951154, 195
1731, 57, 187, 426, 60, 0, 17.38%, 0, 0, 12, 28406.00, 25094763, 195
1781, 57, 261, 426, 60, 0, 17.38%, 0, 0, 12, 0.02, 25112793, 195
1786, 57, 151, 428, 62, 0, 17.38%, 0, 0, 12, 28450.81, 25258790, 195
1841, 58, 3, 429, 62, 0, 17.38%, 0, 0, 12, 0.02, 25335537, 195
1846, 58, 418, 429, 62, 0, 17.38%, 0, 0, 12, 28522.48, 25480503, 195
1901, 58, 46, 429, 61, 0, 17.38%, 0, 0, 12, 0.02, 25555535, 195
1906, 58, 85, 430, 61, 0, 17.38%, 0, 0, 12, 28489.78, 25700571, 195
1961, 58, 206, 430, 61, 0, 17.38%, 0, 0, 12, 0.02, 25776321, 195
1966, 59, 137, 432, 63, 0, 17.38%, 0, 0, 12, 28292.15, 25920214, 195
2021, 59, 192, 432, 63, 0, 17.38%, 0, 0, 12, 0.02, 25995267, 195
2026, 59, 183, 433, 63, 0, 17.38%, 0, 0, 12, 28623.01, 26140539, 195
2081, 59, 3, 434, 64, 0, 17.38%, 0, 0, 12, 0.54, 26217423, 195
2086, 60, 7, 436, 66, 0, 17.38%, 0, 0, 12, 28606.50, 26363137, 195
2141, 60, 221, 436, 66, 0, 17.38%, 0, 0, 12, 0.02, 26438655, 195
2146, 60, 243, 436, 65, 0, 17.38%, 0, 0, 12, 28319.24, 26583469, 195
2201, 60, 243, 436, 64, 0, 17.38%, 0, 0, 12, 0.02, 26658625, 195
2206, 61, 212, 436, 64, 0, 17.38%, 0, 0, 12, 28419.75, 26803482, 195
2261, 61, 183, 436, 63, 0, 17.38%, 0, 0, 12, 0.02, 26880018, 195
2266, 61, 275, 437, 64, 0, 17.38%, 0, 0, 12, 28588.75, 27023939, 195
2321, 61, 243, 438, 64, 0, 17.38%, 0, 0, 12, 0.02, 27100277, 195
2326, 62, 76, 439, 65, 0, 17.38%, 0, 0, 12, 28290.39, 27244827, 195
2381, 62, 248, 439, 64, 0, 17.38%, 0, 0, 12, 0.02, 27320545, 195
2386, 62, 262, 439, 64, 0, 17.38%, 0, 0, 12, 28350.58, 27465619, 195
2441, 62, 243, 439, 64, 0, 17.38%, 0, 0, 12, 0.02, 27540228, 195
2446, 62, 262, 439, 64, 0, 17.38%, 0, 0, 12, 28464.39, 27684977, 195
2501, 63, 183, 439, 64, 0, 17.38%, 0, 0, 12, 0.02, 27760041, 195
2506, 63, 192, 441, 66, 0, 17.38%, 0, 0, 12, 28340.68, 27905088, 195
2561, 63, 151, 442, 67, 0, 17.38%, 0, 0, 12, 0.02, 27979899, 195
2566, 63, 160, 442, 66, 0, 17.38%, 0, 0, 12, 28223.80, 28122133, 195
2621, 63, 137, 443, 67, 0, 17.38%, 0, 0, 12, 0.02, 28197754, 195
2626, 64, 242, 443, 66, 0, 17.38%, 0, 0, 12, 28305.72, 28342836, 195
2681, 64, 137, 443, 66, 0, 17.38%, 0, 0, 12, 0.02, 28419970, 195
2686, 64, 183, 444, 67, 0, 17.38%, 0, 0, 12, 28442.97, 28564649, 195
2741, 64, 262, 444, 67, 0, 17.38%, 0, 0, 12, 0.02, 28640514, 195
2746, 65, 13, 444, 66, 0, 17.38%, 0, 0, 12, 28402.84, 28784270, 195
2801, 65, 243, 444, 66, 0, 17.38%, 0, 0, 12, 0.02, 28859825, 195
2806, 65, 248, 444, 65, 0, 17.38%, 0, 0, 12, 28351.97, 29003531, 195
2861, 65, 186, 444, 65, 0, 17.38%, 0, 0, 12, 0.02, 29078576, 195
2866, 66, 183, 445, 66, 0, 17.38%, 0, 0, 12, 28591.94, 29224233, 195
2921, 66, 271, 445, 66, 0, 17.38%, 0, 0, 12, 5.93, 29300637, 195
2926, 66, 427, 446, 66, 0, 17.38%, 0, 0, 12, 28535.47, 29446246, 195
2981, 66, 183, 447, 66, 0, 17.38%, 0, 0, 12, 0.25, 29522153, 195
2986, 66, 197, 448, 65, 0, 17.38%, 0, 0, 12, 28410.82, 29667106, 195
3041, 67, 7, 448, 64, 0, 17.38%, 0, 0, 12, 0.02, 29742736, 195
3046, 67, 27, 448, 63, 0, 17.38%, 0, 0, 12, 28426.42, 29887153, 195
3101, 67, 232, 449, 64, 0, 17.38%, 0, 0, 12, 0.33, 29963074, 195
3106, 67, 183, 450, 64, 0, 17.38%, 0, 0, 12, 28429.71, 30107189, 195
3152, 67, 242, 450, 64, 0, 17.38%, 0, 0, 12, 0.02, 30182991, 195
3158, 68, 260, 450, 63, 0, 17.38%, 0, 0, 12, 27014.52, 30324109, 195
3163, 68, 269, 451, 61, 0, 17.38%, 0, 0, 12, 28035.12, 30468841, 195
3756, 68, 183, 451, 61, 0, 17.38%, 0, 0, 12, 0.00, 30602790, 195
